configrc.store_credentials:WARNING:2021-02-19 01:35:13,590: Credentials already present. Set overwrite=True to overwrite.
C:\Users\steng\AppData\Local\Programs\Python\Python39\lib\site-packages\qiskit\providers\ibmq\ibmqfactory.py:192: UserWarning: Timestamps in IBMQ backend properties, jobs, and job results are all now in local time instead of UTC.
  warnings.warn('Timestamps in IBMQ backend properties, jobs, and job results '
(1, 0)
(0, 1)
(0.7071067811865476, 0.7071067811865476)
2q
3q
(array([5.52582456, 0.96279922, 3.34561344, 3.04616861, 0.67697088,
       3.55337868, 0.15394011, 1.51146739, 2.0323418 , 3.22252872,
       3.20675088, 4.45380597]), 0.559)
(array([4.14030349, 3.85324298, 0.19854717, 6.06206974, 0.60682064,
       0.46585559, 3.48607653, 4.30418522, 2.919307  , 2.60493637,
       0.6309276 , 0.07050958]), 0.569)
(array([2.25263545, 2.83363497, 3.1193714 , 4.47878615, 3.192872  ,
       2.8351328 , 4.25307286, 3.65809167, 3.34725842, 1.5666026 ,
       4.85973441, 3.31439864]), 0.6476666666666666)
(array([2.09454152, 2.28727526, 3.18822634, 0.33499268, 0.02617087,
       4.01486516, 3.34296159, 5.74319967, 4.85535575, 2.87627805,
       4.19747488, 2.31171589]), 0.567)
(array([2.22970253, 3.42426763, 2.99614893, 5.942788  , 3.33167503,
       0.24049463, 2.9397675 , 5.74550341, 0.0182553 , 3.01663219,
       5.45749289, 2.76716829]), 0.5623333333333334)
(array([5.72192756, 5.2475676 , 3.0439544 , 1.56386364, 4.39397347,
       4.2156733 , 6.22164608, 0.21117045, 2.33231073, 4.35361268,
       0.70279603, 1.84812826]), 0.5623333333333334)
(array([6.21309059, 3.31063876, 6.2745811 , 4.55399979, 3.09962323,
       5.81021939, 0.16103271, 0.14281155, 1.9944345 , 4.46738207,
       5.54956451, 0.14439243]), 0.6473333333333333)
(array([2.16421904, 4.98115951, 0.8722373 , 1.40989216, 0.01412467,
       3.05617775, 4.08469851, 3.21178595, 1.23712182, 1.45518003,
       1.65974962, 3.14189726]), 0.6613333333333333)
(array([3.45412983, 5.74193692, 0.89739978, 4.83053664, 6.27651597,
       0.57807023, 3.33711116, 2.27377077, 0.5642271 , 1.7786327 ,
       4.05280053, 0.02445937]), 0.661)
(array([5.64088265, 1.37939021, 3.43724889, 3.03442947, 1.9277269 ,
       4.56523849, 6.22056848, 2.0433275 , 6.06297178, 3.26299657,
       1.36832118, 4.58790451]), 0.567)
(array([4.15896491, 3.264778  , 0.11092171, 0.24693368, 0.75273999,
       5.20791237, 3.24585601, 3.09127614, 1.30842391, 3.2166906 ,
       0.20988151, 5.63337839]), 0.5546666666666666)
(array([2.0824172 , 3.41963363, 3.2495763 , 3.62403173, 4.33963297,
       2.49640237, 3.42838604, 1.89078291, 3.25013422, 5.84981784,
       2.97220316, 1.16404402]), 0.5663333333333334)
(array([0.57893139, 5.80642775, 0.41418859, 2.90983875, 0.95360223,
       0.58556875, 0.25220638, 4.23296106, 4.92559515, 3.26954258,
       4.54236921, 1.61968435]), 0.5566666666666666)
(array([5.44607415, 0.30580281, 1.69350263, 1.64309093, 6.25558984,
       6.14703381, 0.90031066, 1.54312675, 5.97990575, 4.63997403,
       3.27771   , 6.06458065]), 0.6623333333333333)
-0.2731900452488594 0.5803333333333334

0.0915113871635647 0.5833333333333334

-0.22583710407238863 0.589

0.07822747612369187 0.588

-0.404802356356173 0.578

0.09222607711424734 0.5816666666666667

-0.19155825791854375 0.5653333333333334

0.14616963165277091 0.5766666666666667

-0.16875370340443088 0.587

0.057282693485545745 0.5623333333333334

0.0 0.569

(array([0.67860093, 1.70436888, 0.11553893, 5.71451816, 2.72274083,
       0.50124902, 0.05898198, 3.05724952, 1.22274563, 0.53641772,
       3.28062173, 3.42438358]), 0.569)
(array([6.1838958 , 6.1085768 , 3.64026295, 4.53625388, 6.20232567,
       0.27130978, 6.26950209, 1.35798719, 1.71128506, 4.4832342 ,
       4.30706523, 3.3129366 ]), 0.6576666666666666)
(array([0.71671997, 1.86212571, 5.91364513, 3.50645963, 2.59156374,
       1.23914135, 0.61097448, 4.64569994, 2.15922824, 4.04126482,
       5.61623867, 0.69745372]), 0.555)
(array([0.99375005, 2.55456637, 1.81249828, 1.5644423 , 3.48536378,
       3.9961918 , 1.1056437 , 5.4897508 , 3.71523745, 1.84900099,
       4.83232842, 6.09416105]), 0.643)
(array([1.85513514, 4.87781448, 2.87227789, 1.47920587, 3.28306752,
       1.22346732, 4.42824664, 0.90399854, 4.57073363, 1.81699135,
       1.11204824, 0.01703332]), 0.6613333333333333)
(array([2.35681004, 4.65182659, 2.96907018, 3.30205802, 3.42253731,
       2.64931121, 3.13418158, 5.848865  , 3.65048476, 5.95175533,
       1.52858005, 0.74728134]), 0.5593333333333333)
(array([6.24941906, 4.75502299, 1.83117557, 4.55646562, 6.03254013,
       3.342678  , 0.27036829, 4.22056171, 3.5981841 , 1.6699683 ,
       5.77596094, 0.17899272]), 0.638)
(array([0.13614122, 2.2352365 , 0.29868421, 1.52550163, 3.19691222,
       0.24573996, 6.2427881 , 2.71065125, 3.66657027, 4.92777377,
       0.57888182, 3.22211648]), 0.6543333333333333)
(array([1.05265581, 5.67883819, 4.52989174, 1.41079945, 3.11086201,
       4.87425696, 5.22631365, 4.8402555 , 3.73236074, 4.68489479,
       2.29766378, 3.03160515]), 0.6613333333333333)
-0.12021778187269316 0.5576666666666666

0.08595511556082241 0.5636666666666666

0.08595511556082241 0.569

-0.023267957781814747 0.5683333333333334

(array([0.69108717, 2.92901148, 6.16396823, 6.26172037, 0.88531704,
       2.28606098, 0.0310185 , 4.46911337, 1.41738876, 0.16045666,
       3.74063992, 3.63414218]), 0.5746666666666667)
(array([4.02849194, 2.83537127, 6.12932552, 2.78778261, 0.21246606,
       5.38882105, 2.87375636, 4.10330502, 3.0919908 , 6.01404251,
       1.9292682 , 6.0241886 ]), 0.568)
(array([0.69208199, 3.48889832, 0.40209932, 0.74577677, 1.8118656 ,
       4.66412677, 5.94021119, 1.25390817, 3.34445284, 1.05168001,
       0.14179233, 1.62172315]), 0.5413333333333333)
(array([6.14772848, 0.32921222, 0.381824  , 1.43641597, 3.37836022,
       0.81941812, 5.88971002, 5.91435291, 0.13335635, 4.95791578,
       0.90818146, 3.24811955]), 0.643)
(array([4.87948688, 5.75588954, 6.20272903, 4.4214044 , 0.12533819,
       2.37085979, 4.60766245, 4.05725896, 0.39325877, 4.90765663,
       0.73364569, 3.09403755]), 0.6376666666666667)
(array([0.50297922, 5.70201037, 0.03964012, 3.42142444, 1.52691043,
       0.92050111, 6.01103524, 3.33871606, 5.54085273, 3.09198159,
       0.16557675, 2.5029085 ]), 0.552)
(array([2.17996929, 0.83294855, 3.22789232, 3.62309879, 0.91417683,
       3.05431708, 3.48077529, 3.93984633, 1.59974486, 0.23904763,
       1.48339199, 0.31654209]), 0.5656666666666667)
(array([0.55593933, 5.01996032, 0.17297773, 0.95765068, 0.01218391,
       2.65578638, 5.87876908, 0.90065286, 1.09131709, 5.27797318,
       2.23457133, 0.28158463]), 0.639)
(array([2.22900943, 1.62067056, 3.3528441 , 4.01130784, 5.25419139,
       2.21989795, 3.21006128, 0.37617488, 0.44101687, 5.1864047 ,
       1.63253202, 2.21311083]), 0.5676666666666667)
(array([2.57644262, 4.21675891, 3.25776023, 3.23543263, 2.02793197,
       3.50526465, 2.95800811, 1.15249352, 1.07526812, 6.13946484,
       1.38371026, 1.82839237]), 0.5573333333333333)
(array([3.15312375, 4.51567554, 4.33265003, 1.7042233 , 6.2079241 ,
       2.00179023, 3.08654424, 1.11543053, 0.48012655, 1.44226729,
       3.54377833, 2.91164028]), 0.6616666666666666)
(array([3.06528277, 0.50858194, 2.03608198, 1.38069057, 3.13088511,
       0.24917211, 3.02597624, 5.3478623 , 3.43829762, 1.58739972,
       4.44477568, 0.17323544]), 0.6526666666666666)
(array([1.60171753, 6.27569599, 1.89602449, 4.76840006, 6.19829606,
       3.44144872, 4.76749337, 2.16760695, 3.08823825, 1.48093639,
       2.3078557 , 6.1489722 ]), 0.6616666666666666)
(array([0.59126246, 4.1279909 , 6.02811961, 0.02355605, 2.23489539,
       2.08262345, 0.09838598, 4.21550511, 5.3182873 , 6.13406812,
       4.72194387, 2.58273027]), 0.5653333333333334)
(array([5.36540102, 1.75312907, 2.89853701, 3.08969977, 2.86932216,
       6.05265453, 5.78736003, 1.06089767, 2.84602139, 2.60861111,
       4.79140391, 4.30759254]), 0.5643333333333334)
(array([0.97378416, 2.29972834, 1.15305242, 1.54124688, 2.95245615,
       1.76866167, 5.36480738, 1.34680819, 1.11737033, 1.27339441,
       2.93825981, 0.16685519]), 0.6476666666666666)
(array([4.00388832, 5.57759844, 5.99508479, 6.0556979 , 0.44133626,
       5.34137259, 2.73062885, 1.0386531 , 2.32330629, 3.7136927 ,
       4.28227326, 4.18612806]), 0.5496666666666666)
(array([4.1143066 , 3.92184867, 6.09139828, 2.74099717, 6.02400174,
       5.21610835, 3.01851363, 3.44529094, 2.65465873, 5.92129054,
       4.62759408, 0.3152485 ]), 0.557)
(array([2.4839308 , 5.50775142, 3.29007388, 5.98210235, 1.1641949 ,
       5.85436161, 2.62253091, 3.81018979, 5.88820637, 4.05052243,
       4.71783507, 4.35555716]), 0.5573333333333333)
(array([4.54762831, 0.90518212, 1.38256519, 4.70673952, 6.04176008,
       5.42362977, 4.43884867, 4.35548591, 5.51119444, 1.81948652,
       1.36549182, 5.9462318 ]), 0.6306666666666667)
(array([1.48050994, 2.15647081, 1.09975533, 4.66560162, 0.2142729 ,
       1.63407019, 1.63463308, 0.2359222 , 4.21602047, 4.49853291,
       5.04032855, 3.04216341]), 0.6543333333333333)
(array([1.25332191, 5.63984844, 0.75123392, 4.39804988, 3.33007088,
       1.36800976, 5.24917172, 6.2033847 , 0.72953794, 1.96182195,
       1.59710596, 3.28282362]), 0.65)
(array([6.27008588, 1.80555996, 3.69048331, 4.28914074, 5.91572464,
       2.83874868, 6.02703289, 2.07168744, 2.99530927, 2.00085069,
       5.75732739, 0.45667908]), 0.6053333333333333)
0.33549418413314663 0.581

-0.13214337365603598 0.5963333333333334

0.2320711649642815 0.5773333333333334

-0.16661555808804354 0.58

0.27608466176785584 0.5763333333333334

-0.14488309398960228 0.6003333333333334

0.381917115445535 0.5923333333333334

-0.12393614064170791 0.5853333333333334

0.14792564330637117 0.5663333333333334

-0.3785685750510297 0.5833333333333334

0.05283058689513219 0.5756666666666667

-0.5741623388274008 0.5833333333333334

0.009869450299090704 0.6036666666666667

(array([4.04511808, 1.65041386, 6.21370778, 0.59500532, 0.67415509,
       1.69665234, 2.56135648, 1.90063096, 5.32737241, 3.71777606,
       4.38033049, 5.921812  ]), 0.5853333333333334)
(array([5.47873049, 1.71343113, 2.54373361, 2.31896979, 3.22619447,
       1.24668237, 5.91641079, 1.66820049, 4.8270163 , 4.19564273,
       3.34334938, 3.1107072 ]), 0.6056666666666667)
(array([4.00970822, 0.07653392, 5.77490694, 1.6162224 , 0.11764655,
       6.07538729, 3.88505875, 3.92947425, 3.09964382, 1.36782314,
       6.09692378, 3.04364491]), 0.653)
(array([5.77218547, 3.41012257, 4.66429678, 4.73837347, 5.92787664,
       2.56100428, 0.31741693, 2.21239363, 5.83642884, 1.36007361,
       5.14050751, 0.2032068 ]), 0.6423333333333333)
average is:  0.6046666666666666
stddev is:  0.044292713220624044
>>>